Spawning shell within /cluster/home/julievt/.cache/pypoetry/virtualenvs/master-project-118ajfdt-py3.12
Installing dependencies from lock file

No dependencies to install or update

Installing the current project: master-project (0.1.0)
##### Start training for TRE... ######
### Processing the files:
###### (2) Training for configuration file: b-bert.ini
LOAD False
Using: cuda:0 with BERT
Create sweep with ID: ec0neiyt
Sweep URL: https://wandb.ai/julievt-ntnu/batch-tre-dtr-b-Task.SEQUENCE-bert-model/sweeps/ec0neiyt
{'AFTER': 0, 'BEFORE': 1, 'OVERLAP': 2}
{0: 'AFTER', 1: 'BEFORE', 2: 'OVERLAP'}
{'BEFORE': 8953, 'OVERLAP': 4185, 'AFTER': 1137}
{'AFTER': 4.184989739079449, 'BEFORE': 0.5314792062251015, 'OVERLAP': 1.1369972122660295}
{'AFTER': 4.184989739079449, 'BEFORE': 0.5314792062251015, 'OVERLAP': 1.1369972122660295}
Training Epoch: 0
Training loss epoch: 0.7475771478839688
Training accuracy epoch: 0.6812718531468531
Overall acc: 0.6810420315236427
Overall loss: 106.90353214740753
Validation loss per 100 evaluation steps: 0.5792865753173828
Validation loss per 100 evaluation steps: 0.5313415969952499
Validation Loss: 0.5316346673281876
Validation Accuracy: 0.8001165501165501
Overall accuracy: 0.7999124343257443
Overall loss: 0.5316346673281876
### Summary
              precision    recall  f1-score   support

       AFTER       0.78      0.79      0.78       178
      BEFORE       0.89      0.82      0.85      1422
     OVERLAP       0.66      0.76      0.71       684

    accuracy                           0.80      2284
   macro avg       0.78      0.79      0.78      2284
weighted avg       0.81      0.80      0.80      2284

### Without O
              precision    recall  f1-score   support

      BEFORE       0.89      0.82      0.85      1422
     OVERLAP       0.66      0.76      0.71       684
       AFTER       0.78      0.79      0.78       178

    accuracy                           0.80      2284
   macro avg       0.78      0.79      0.78      2284
weighted avg       0.81      0.80      0.80      2284

Training Epoch: 1
Training loss epoch: 0.41395366160602837
Training accuracy epoch: 0.8511800699300699
Overall acc: 0.8510288966725044
Overall loss: 59.195373609662056
Validation loss per 100 evaluation steps: 0.3263360261917114
Validation loss per 100 evaluation steps: 0.379786615619565
Validation Loss: 0.3759471151482809
Validation Accuracy: 0.8732517482517482
Overall accuracy: 0.873029772329247
Overall loss: 0.3759471151482809
### Summary
              precision    recall  f1-score   support

       AFTER       0.85      0.88      0.87       178
      BEFORE       0.93      0.89      0.91      1422
     OVERLAP       0.78      0.84      0.81       684

    accuracy                           0.87      2284
   macro avg       0.85      0.87      0.86      2284
weighted avg       0.88      0.87      0.87      2284

### Without O
              precision    recall  f1-score   support

      BEFORE       0.93      0.89      0.91      1422
     OVERLAP       0.78      0.84      0.81       684
       AFTER       0.85      0.88      0.87       178

    accuracy                           0.87      2284
   macro avg       0.85      0.87      0.86      2284
weighted avg       0.88      0.87      0.87      2284

Training Epoch: 2
Training loss epoch: 0.2653867418428401
Training accuracy epoch: 0.9093822843822843
Overall acc: 0.909369527145359
Overall loss: 37.950304083526134
Validation loss per 100 evaluation steps: 0.1092478334903717
Validation loss per 100 evaluation steps: 0.34274390778771724
Validation Loss: 0.3609721833853038
Validation Accuracy: 0.8917540792540792
Overall accuracy: 0.8918563922942206
Overall loss: 0.3609721833853038
### Summary
              precision    recall  f1-score   support

       AFTER       0.71      0.94      0.81       178
      BEFORE       0.93      0.94      0.93      1422
     OVERLAP       0.88      0.78      0.83       684

    accuracy                           0.89      2284
   macro avg       0.84      0.89      0.86      2284
weighted avg       0.90      0.89      0.89      2284

### Without O
              precision    recall  f1-score   support

      BEFORE       0.93      0.94      0.93      1422
     OVERLAP       0.88      0.78      0.83       684
       AFTER       0.71      0.94      0.81       178

    accuracy                           0.89      2284
   macro avg       0.84      0.89      0.86      2284
weighted avg       0.90      0.89      0.89      2284

Training Epoch: 3
Training loss epoch: 0.1872875286669998
Training accuracy epoch: 0.9328744172494172
Overall acc: 0.9329028021015762
Overall loss: 26.78211659938097
Validation loss per 100 evaluation steps: 0.33148491382598877
Validation loss per 100 evaluation steps: 0.34664509028638946
Validation Loss: 0.34850776346621815
Validation Accuracy: 0.8800990675990676
Overall accuracy: 0.8804728546409807
Overall loss: 0.34850776346621815
### Summary
              precision    recall  f1-score   support

       AFTER       0.65      0.90      0.76       178
      BEFORE       0.96      0.87      0.91      1422
     OVERLAP       0.82      0.89      0.85       684

    accuracy                           0.88      2284
   macro avg       0.81      0.89      0.84      2284
weighted avg       0.89      0.88      0.88      2284

### Without O
              precision    recall  f1-score   support

      BEFORE       0.96      0.87      0.91      1422
     OVERLAP       0.82      0.89      0.85       684
       AFTER       0.65      0.90      0.76       178

    accuracy                           0.88      2284
   macro avg       0.81      0.89      0.84      2284
weighted avg       0.89      0.88      0.88      2284

Training Epoch: 4
Training loss epoch: 0.1713352006944743
Training accuracy epoch: 0.9421620046620046
Overall acc: 0.9422066549912435
Overall loss: 24.500933699309826
Validation loss per 100 evaluation steps: 0.09706438332796097
Validation loss per 100 evaluation steps: 0.3434865677563271
Validation Loss: 0.3645840594610134
Validation Accuracy: 0.8943764568764568
Overall accuracy: 0.8944833625218914
Overall loss: 0.3645840594610134
### Summary
              precision    recall  f1-score   support

       AFTER       0.73      0.95      0.82       178
      BEFORE       0.96      0.90      0.93      1422
     OVERLAP       0.83      0.86      0.85       684

    accuracy                           0.89      2284
   macro avg       0.84      0.90      0.87      2284
weighted avg       0.90      0.89      0.90      2284

### Without O
              precision    recall  f1-score   support

      BEFORE       0.96      0.90      0.93      1422
     OVERLAP       0.83      0.86      0.85       684
       AFTER       0.73      0.95      0.82       178

    accuracy                           0.89      2284
   macro avg       0.84      0.90      0.87      2284
weighted avg       0.90      0.89      0.90      2284

Training Epoch: 5
Training loss epoch: 0.13857281796790502
Training accuracy epoch: 0.9491185897435898
Overall acc: 0.9491024518388792
Overall loss: 19.81591296941042
Validation loss per 100 evaluation steps: 0.8643327355384827
Validation loss per 100 evaluation steps: 0.45545680588572335
Validation Loss: 0.4334595328704877
Validation Accuracy: 0.8859265734265734
Overall accuracy: 0.8857267950963222
Overall loss: 0.4334595328704877
### Summary
              precision    recall  f1-score   support

       AFTER       0.60      0.96      0.74       178
      BEFORE       0.94      0.92      0.93      1422
     OVERLAP       0.90      0.79      0.84       684

    accuracy                           0.89      2284
   macro avg       0.81      0.89      0.84      2284
weighted avg       0.90      0.89      0.89      2284

### Without O
              precision    recall  f1-score   support

       AFTER       0.60      0.96      0.74       178
     OVERLAP       0.90      0.79      0.84       684
      BEFORE       0.94      0.92      0.93      1422

    accuracy                           0.89      2284
   macro avg       0.81      0.89      0.84      2284
weighted avg       0.90      0.89      0.89      2284

Training Epoch: 6
Training loss epoch: 0.13221152822350288
Training accuracy epoch: 0.951048951048951
Overall acc: 0.9510726795096323
Overall loss: 18.906248535960913
Validation loss per 100 evaluation steps: 0.4322677552700043
Validation loss per 100 evaluation steps: 0.3287562708195188
Validation Loss: 0.3419858145240981
Validation Accuracy: 0.8939393939393939
Overall accuracy: 0.8940455341506129
Overall loss: 0.3419858145240981
### Summary
              precision    recall  f1-score   support

       AFTER       0.64      0.93      0.76       178
      BEFORE       0.95      0.91      0.93      1422
     OVERLAP       0.88      0.86      0.87       684

    accuracy                           0.89      2284
   macro avg       0.82      0.90      0.85      2284
weighted avg       0.90      0.89      0.90      2284

### Without O
              precision    recall  f1-score   support

      BEFORE       0.95      0.91      0.93      1422
     OVERLAP       0.88      0.86      0.87       684
       AFTER       0.64      0.93      0.76       178

    accuracy                           0.89      2284
   macro avg       0.82      0.90      0.85      2284
weighted avg       0.90      0.89      0.90      2284

Early stopping
### Valid set performance:
Validation loss per 100 evaluation steps: 0.052643805742263794
Validation loss per 100 evaluation steps: 0.35693801526616487
Validation Loss: 0.3412100142568115
Validation Accuracy: 0.8937937062937062
Overall accuracy: 0.8940455341506129
Overall loss: 0.3412100142568115
### Summary
              precision    recall  f1-score   support

       AFTER       0.64      0.93      0.76       178
      BEFORE       0.95      0.91      0.93      1422
     OVERLAP       0.88      0.86      0.87       684

    accuracy                           0.89      2284
   macro avg       0.82      0.90      0.85      2284
weighted avg       0.90      0.89      0.90      2284

### Without O
              precision    recall  f1-score   support

       AFTER       0.64      0.93      0.76       178
     OVERLAP       0.88      0.86      0.87       684
      BEFORE       0.95      0.91      0.93      1422

    accuracy                           0.89      2284
   macro avg       0.82      0.90      0.85      2284
weighted avg       0.90      0.89      0.90      2284

### Test set performance:
Validation loss per 100 evaluation steps: 0.16058003902435303
Validation loss per 100 evaluation steps: 0.3926844201742275
Validation Loss: 0.3820471189728829
Validation Accuracy: 0.883878691141261
Overall accuracy: 0.8844133099824869
Overall loss: 0.3820471189728829
### Summary
              precision    recall  f1-score   support

       AFTER       0.70      0.93      0.80       260
      BEFORE       0.95      0.89      0.92      1782
     OVERLAP       0.83      0.87      0.85       813

    accuracy                           0.88      2855
   macro avg       0.83      0.89      0.85      2855
weighted avg       0.89      0.88      0.89      2855

### Without O
              precision    recall  f1-score   support

       AFTER       0.70      0.93      0.80       260
     OVERLAP       0.83      0.87      0.85       813
      BEFORE       0.95      0.89      0.92      1782

    accuracy                           0.88      2855
   macro avg       0.83      0.89      0.85      2855
weighted avg       0.89      0.88      0.89      2855

### Extra set performance:
Expected input batch_size (64) to match target batch_size (4096).
{'AFTER': 0, 'BEFORE': 1, 'OVERLAP': 2}
{0: 'AFTER', 1: 'BEFORE', 2: 'OVERLAP'}
{'BEFORE': 8953, 'OVERLAP': 4185, 'AFTER': 1137}
{'AFTER': 4.184989739079449, 'BEFORE': 0.5314792062251015, 'OVERLAP': 1.1369972122660295}
{'AFTER': 4.184989739079449, 'BEFORE': 0.5314792062251015, 'OVERLAP': 1.1369972122660295}
Training Epoch: 0
Training loss epoch: 0.6924993962674708
Training accuracy epoch: 0.6819274475524476
Overall acc: 0.6818082311733801
Overall loss: 198.05482733249664
Validation loss per 100 evaluation steps: 0.5606065988540649
Validation loss per 100 evaluation steps: 0.5296672666722005
Validation Loss: 0.5146790428178294
Validation Accuracy: 0.7950174825174825
Overall accuracy: 0.7946584938704028
Overall loss: 0.5146790428178294
### Summary
              precision    recall  f1-score   support

       AFTER       0.78      0.76      0.77       178
      BEFORE       0.82      0.90      0.86      1422
     OVERLAP       0.72      0.58      0.64       684

    accuracy                           0.79      2284
   macro avg       0.77      0.75      0.76      2284
weighted avg       0.79      0.79      0.79      2284

### Without O
              precision    recall  f1-score   support

       AFTER       0.78      0.76      0.77       178
     OVERLAP       0.72      0.58      0.64       684
      BEFORE       0.82      0.90      0.86      1422

    accuracy                           0.79      2284
   macro avg       0.77      0.75      0.76      2284
weighted avg       0.79      0.79      0.79      2284

Training Epoch: 1
Training loss epoch: 0.555223304127063
Training accuracy epoch: 0.7730550699300699
Overall acc: 0.7728765323992994
Overall loss: 158.79386498034
Validation loss per 100 evaluation steps: 0.7442087531089783
Validation loss per 100 evaluation steps: 0.573082507394328
Validation Loss: 0.5668466023423455
Validation Accuracy: 0.761509324009324
Overall accuracy: 0.76138353765324
Overall loss: 0.5668466023423455
### Summary
              precision    recall  f1-score   support

       AFTER       1.00      0.13      0.23       178
      BEFORE       0.89      0.82      0.86      1422
     OVERLAP       0.58      0.79      0.67       684

    accuracy                           0.76      2284
   macro avg       0.82      0.58      0.58      2284
weighted avg       0.80      0.76      0.75      2284

### Without O
              precision    recall  f1-score   support

       AFTER       1.00      0.13      0.23       178
     OVERLAP       0.58      0.79      0.67       684
      BEFORE       0.89      0.82      0.86      1422

    accuracy                           0.76      2284
   macro avg       0.82      0.58      0.58      2284
weighted avg       0.80      0.76      0.75      2284

Training Epoch: 2
Training loss epoch: 0.5939595251233427
Training accuracy epoch: 0.7530594405594405
Overall acc: 0.7535026269702276
Overall loss: 169.87242418527603
Validation loss per 100 evaluation steps: 0.9138511419296265
Validation loss per 100 evaluation steps: 0.7536131792729444
Validation Loss: 0.7538293841835502
Validation Accuracy: 0.6474358974358974
Overall accuracy: 0.6475481611208407
Overall loss: 0.7538293841835502
### Summary
              precision    recall  f1-score   support

       AFTER       1.00      0.01      0.01       178
      BEFORE       0.64      0.99      0.78      1422
     OVERLAP       0.70      0.11      0.19       684

    accuracy                           0.65      2284
   macro avg       0.78      0.37      0.33      2284
weighted avg       0.69      0.65      0.54      2284

### Without O
              precision    recall  f1-score   support

      BEFORE       0.64      0.99      0.78      1422
     OVERLAP       0.70      0.11      0.19       684
       AFTER       1.00      0.01      0.01       178

    accuracy                           0.65      2284
   macro avg       0.78      0.37      0.33      2284
weighted avg       0.69      0.65      0.54      2284

Training Epoch: 3
Training loss epoch: 0.8096031996753666
Training accuracy epoch: 0.6407342657342657
Overall acc: 0.6407618213660246
Overall loss: 231.54651510715485
Validation loss per 100 evaluation steps: 0.6129520535469055
Validation loss per 100 evaluation steps: 0.8183954092535642
Validation Loss: 0.8129105895132451
Validation Accuracy: 0.62252331002331
Overall accuracy: 0.6225919439579685
Overall loss: 0.8129105895132451
### Summary
              precision    recall  f1-score   support

       AFTER       0.00      0.00      0.00       178
      BEFORE       0.62      1.00      0.77      1422
     OVERLAP       0.00      0.00      0.00       684

    accuracy                           0.62      2284
   macro avg       0.21      0.33      0.26      2284
weighted avg       0.39      0.62      0.48      2284

### Without O
              precision    recall  f1-score   support

       AFTER       0.00      0.00      0.00       178
     OVERLAP       0.00      0.00      0.00       684
      BEFORE       0.62      1.00      0.77      1422

    accuracy                           0.62      2284
   macro avg       0.21      0.33      0.26      2284
weighted avg       0.39      0.62      0.48      2284

Training Epoch: 4
Training loss epoch: 0.7638987093330263
Training accuracy epoch: 0.6554851398601399
Overall acc: 0.6555385288966725
Overall loss: 218.47503086924553
Validation loss per 100 evaluation steps: 0.6318932771682739
Validation loss per 100 evaluation steps: 0.6713885204626782
Validation Loss: 0.6810817564284051
Validation Accuracy: 0.7400932400932401
Overall accuracy: 0.7403677758318739
Overall loss: 0.6810817564284051
### Summary
              precision    recall  f1-score   support

       AFTER       0.00      0.00      0.00       178
      BEFORE       0.81      0.90      0.85      1422
     OVERLAP       0.58      0.59      0.59       684

    accuracy                           0.74      2284
   macro avg       0.46      0.50      0.48      2284
weighted avg       0.68      0.74      0.71      2284

### Without O
              precision    recall  f1-score   support

      BEFORE       0.81      0.90      0.85      1422
     OVERLAP       0.58      0.59      0.59       684
       AFTER       0.00      0.00      0.00       178

    accuracy                           0.74      2284
   macro avg       0.46      0.50      0.48      2284
weighted avg       0.68      0.74      0.71      2284

Training Epoch: 5
Training loss epoch: 0.6103031656125208
Training accuracy epoch: 0.7533872377622378
Overall acc: 0.7532837127845884
Overall loss: 174.54670536518097
Validation loss per 100 evaluation steps: 0.4649389684200287
Validation loss per 100 evaluation steps: 0.5495470658977433
Validation Loss: 0.5494902369442519
Validation Accuracy: 0.7757867132867133
Overall accuracy: 0.7753940455341506
Overall loss: 0.5494902369442519
### Summary
              precision    recall  f1-score   support

       AFTER       0.00      0.00      0.00       178
      BEFORE       0.82      0.95      0.88      1422
     OVERLAP       0.66      0.60      0.63       684

    accuracy                           0.78      2284
   macro avg       0.49      0.52      0.50      2284
weighted avg       0.71      0.78      0.74      2284

### Without O
              precision    recall  f1-score   support

       AFTER       0.00      0.00      0.00       178
     OVERLAP       0.66      0.60      0.63       684
      BEFORE       0.82      0.95      0.88      1422

    accuracy                           0.78      2284
   macro avg       0.49      0.52      0.50      2284
weighted avg       0.71      0.78      0.74      2284

Early stopping
### Valid set performance:
Validation loss per 100 evaluation steps: 0.38332998752593994
Validation loss per 100 evaluation steps: 0.5648077668824999
Validation Loss: 0.5502154296719944
Validation Accuracy: 0.7753496503496503
Overall accuracy: 0.7753940455341506
Overall loss: 0.5502154296719944
### Summary
              precision    recall  f1-score   support

       AFTER       0.00      0.00      0.00       178
      BEFORE       0.82      0.95      0.88      1422
     OVERLAP       0.66      0.60      0.63       684

    accuracy                           0.78      2284
   macro avg       0.49      0.52      0.50      2284
weighted avg       0.71      0.78      0.74      2284

### Without O
              precision    recall  f1-score   support

      BEFORE       0.82      0.95      0.88      1422
     OVERLAP       0.66      0.60      0.63       684
       AFTER       0.00      0.00      0.00       178

    accuracy                           0.78      2284
   macro avg       0.49      0.52      0.50      2284
weighted avg       0.71      0.78      0.74      2284

### Test set performance:
Validation loss per 100 evaluation steps: 0.4339834153652191
Validation loss per 100 evaluation steps: 0.5613257213689313
Validation Loss: 0.5773434868737972
Validation Accuracy: 0.7543395849960096
Overall accuracy: 0.7544658493870403
Overall loss: 0.5773434868737972
### Summary
              precision    recall  f1-score   support

       AFTER       0.00      0.00      0.00       260
      BEFORE       0.81      0.95      0.87      1782
     OVERLAP       0.61      0.57      0.59       813

    accuracy                           0.75      2855
   macro avg       0.47      0.51      0.49      2855
weighted avg       0.68      0.75      0.71      2855

### Without O
              precision    recall  f1-score   support

      BEFORE       0.81      0.95      0.87      1782
     OVERLAP       0.61      0.57      0.59       813
       AFTER       0.00      0.00      0.00       260

    accuracy                           0.75      2855
   macro avg       0.47      0.51      0.49      2855
weighted avg       0.68      0.75      0.71      2855

### Extra set performance:
Expected input batch_size (32) to match target batch_size (2048).
{'AFTER': 0, 'BEFORE': 1, 'OVERLAP': 2}
{0: 'AFTER', 1: 'BEFORE', 2: 'OVERLAP'}
{'BEFORE': 8953, 'OVERLAP': 4185, 'AFTER': 1137}
{'AFTER': 4.184989739079449, 'BEFORE': 0.5314792062251015, 'OVERLAP': 1.1369972122660295}
{'AFTER': 4.184989739079449, 'BEFORE': 0.5314792062251015, 'OVERLAP': 1.1369972122660295}
Training Epoch: 0
Training loss epoch: 0.6245847281876143
Training accuracy epoch: 0.7291302447552448
Overall acc: 0.7288747810858144
Overall loss: 89.31561613082886
Validation loss per 100 evaluation steps: 0.6529944539070129
Validation loss per 100 evaluation steps: 0.41385587592526235
Validation Loss: 0.41144928982207823
Validation Accuracy: 0.8420745920745921
Overall accuracy: 0.8419439579684763
Overall loss: 0.41144928982207823
### Summary
              precision    recall  f1-score   support

       AFTER       0.74      0.82      0.78       178
      BEFORE       0.87      0.93      0.90      1422
     OVERLAP       0.80      0.67      0.73       684

    accuracy                           0.84      2284
   macro avg       0.80      0.81      0.80      2284
weighted avg       0.84      0.84      0.84      2284

### Without O
              precision    recall  f1-score   support

      BEFORE       0.87      0.93      0.90      1422
     OVERLAP       0.80      0.67      0.73       684
       AFTER       0.74      0.82      0.78       178

    accuracy                           0.84      2284
   macro avg       0.80      0.81      0.80      2284
weighted avg       0.84      0.84      0.84      2284

Training Epoch: 1
Training loss epoch: 0.34231855506663555
Training accuracy epoch: 0.8826850233100233
Overall acc: 0.882661996497373
Overall loss: 48.951553374528885
Validation loss per 100 evaluation steps: 0.15395468473434448
Validation loss per 100 evaluation steps: 0.31125776180167597
Validation Loss: 0.3068406999345634
Validation Accuracy: 0.8923368298368298
Overall accuracy: 0.8922942206654991
Overall loss: 0.3068406999345634
### Summary
              precision    recall  f1-score   support

       AFTER       0.75      0.93      0.83       178
      BEFORE       0.90      0.97      0.93      1422
     OVERLAP       0.94      0.72      0.81       684

    accuracy                           0.89      2284
   macro avg       0.86      0.87      0.86      2284
weighted avg       0.90      0.89      0.89      2284

### Without O
              precision    recall  f1-score   support

       AFTER       0.75      0.93      0.83       178
     OVERLAP       0.94      0.72      0.81       684
      BEFORE       0.90      0.97      0.93      1422

    accuracy                           0.89      2284
   macro avg       0.86      0.87      0.86      2284
weighted avg       0.90      0.89      0.89      2284

Training Epoch: 2
Training loss epoch: 0.20903091752654188
Training accuracy epoch: 0.9324009324009325
Overall acc: 0.9323555166374781
Overall loss: 29.89142120629549
Validation loss per 100 evaluation steps: 0.22629506886005402
Validation loss per 100 evaluation steps: 0.27640815342933234
Validation Loss: 0.27403754614606185
Validation Accuracy: 0.9125874125874126
Overall accuracy: 0.9124343257443083
Overall loss: 0.27403754614606185
### Summary
              precision    recall  f1-score   support

       AFTER       0.92      0.79      0.85       178
      BEFORE       0.93      0.95      0.94      1422
     OVERLAP       0.87      0.87      0.87       684

    accuracy                           0.91      2284
   macro avg       0.91      0.87      0.89      2284
weighted avg       0.91      0.91      0.91      2284

### Without O
              precision    recall  f1-score   support

      BEFORE       0.93      0.95      0.94      1422
     OVERLAP       0.87      0.87      0.87       684
       AFTER       0.92      0.79      0.85       178

    accuracy                           0.91      2284
   macro avg       0.91      0.87      0.89      2284
weighted avg       0.91      0.91      0.91      2284

Training Epoch: 3
Training loss epoch: 0.1500840222176451
Training accuracy epoch: 0.9507211538461539
Overall acc: 0.9507443082311734
Overall loss: 21.46201517712325
Validation loss per 100 evaluation steps: 0.05341026186943054
Validation loss per 100 evaluation steps: 0.27721703723810687
Validation Loss: 0.2657033739012334
Validation Accuracy: 0.9226398601398601
Overall accuracy: 0.9229422066549913
Overall loss: 0.2657033739012334
### Summary
              precision    recall  f1-score   support

       AFTER       0.84      0.89      0.86       178
      BEFORE       0.93      0.97      0.95      1422
     OVERLAP       0.93      0.83      0.88       684

    accuracy                           0.92      2284
   macro avg       0.90      0.90      0.90      2284
weighted avg       0.92      0.92      0.92      2284

### Without O
              precision    recall  f1-score   support

      BEFORE       0.93      0.97      0.95      1422
     OVERLAP       0.93      0.83      0.88       684
       AFTER       0.84      0.89      0.86       178

    accuracy                           0.92      2284
   macro avg       0.90      0.90      0.90      2284
weighted avg       0.92      0.92      0.92      2284

Training Epoch: 4
Training loss epoch: 0.1354177067043273
Training accuracy epoch: 0.9546547202797203
Overall acc: 0.9546847635726795
Overall loss: 19.3647320587188
Validation loss per 100 evaluation steps: 0.853886604309082
Validation loss per 100 evaluation steps: 0.24260137085387906
Validation Loss: 0.27179672448550696
Validation Accuracy: 0.9261363636363636
Overall accuracy: 0.9260070052539404
Overall loss: 0.27179672448550696
### Summary
              precision    recall  f1-score   support

       AFTER       0.88      0.90      0.89       178
      BEFORE       0.93      0.97      0.95      1422
     OVERLAP       0.92      0.84      0.88       684

    accuracy                           0.93      2284
   macro avg       0.91      0.90      0.91      2284
weighted avg       0.93      0.93      0.93      2284

### Without O
              precision    recall  f1-score   support

       AFTER       0.88      0.90      0.89       178
     OVERLAP       0.92      0.84      0.88       684
      BEFORE       0.93      0.97      0.95      1422

    accuracy                           0.93      2284
   macro avg       0.91      0.90      0.91      2284
weighted avg       0.93      0.93      0.93      2284

Training Epoch: 5
Training loss epoch: 0.11695520325817844
Training accuracy epoch: 0.9584061771561773
Overall acc: 0.958515761821366
Overall loss: 16.72459406591952
Validation loss per 100 evaluation steps: 0.3401883542537689
Validation loss per 100 evaluation steps: 0.2984985808823442
Validation Loss: 0.28997342693912503
Validation Accuracy: 0.923513986013986
Overall accuracy: 0.9233800350262698
Overall loss: 0.28997342693912503
### Summary
              precision    recall  f1-score   support

       AFTER       0.89      0.88      0.88       178
      BEFORE       0.93      0.97      0.95      1422
     OVERLAP       0.92      0.84      0.88       684

    accuracy                           0.92      2284
   macro avg       0.91      0.90      0.90      2284
weighted avg       0.92      0.92      0.92      2284

### Without O
              precision    recall  f1-score   support

      BEFORE       0.93      0.97      0.95      1422
     OVERLAP       0.92      0.84      0.88       684
       AFTER       0.89      0.88      0.88       178

    accuracy                           0.92      2284
   macro avg       0.91      0.90      0.90      2284
weighted avg       0.92      0.92      0.92      2284

Training Epoch: 6
Training loss epoch: 0.09345042972558446
Training accuracy epoch: 0.9685314685314685
Overall acc: 0.9685858143607706
Overall loss: 13.363411450758576
Validation loss per 100 evaluation steps: 0.5959690809249878
Validation loss per 100 evaluation steps: 0.33418551462905316
Validation Loss: 0.33566422358813036
Validation Accuracy: 0.9233682983682983
Overall accuracy: 0.9233800350262698
Overall loss: 0.33566422358813036
### Summary
              precision    recall  f1-score   support

       AFTER       0.88      0.87      0.87       178
      BEFORE       0.94      0.96      0.95      1422
     OVERLAP       0.90      0.86      0.88       684

    accuracy                           0.92      2284
   macro avg       0.91      0.90      0.90      2284
weighted avg       0.92      0.92      0.92      2284

### Without O
              precision    recall  f1-score   support

      BEFORE       0.94      0.96      0.95      1422
     OVERLAP       0.90      0.86      0.88       684
       AFTER       0.88      0.87      0.87       178

    accuracy                           0.92      2284
   macro avg       0.91      0.90      0.90      2284
weighted avg       0.92      0.92      0.92      2284

Early stopping
### Valid set performance:
Validation loss per 100 evaluation steps: 0.3939269185066223
Validation loss per 100 evaluation steps: 0.3282051114411564
Validation Loss: 0.3371361209164289
Validation Accuracy: 0.9230769230769231
Overall accuracy: 0.9233800350262698
Overall loss: 0.3371361209164289
### Summary
              precision    recall  f1-score   support

       AFTER       0.88      0.87      0.87       178
      BEFORE       0.94      0.96      0.95      1422
     OVERLAP       0.90      0.86      0.88       684

    accuracy                           0.92      2284
   macro avg       0.91      0.90      0.90      2284
weighted avg       0.92      0.92      0.92      2284

### Without O
              precision    recall  f1-score   support

       AFTER       0.88      0.87      0.87       178
     OVERLAP       0.90      0.86      0.88       684
      BEFORE       0.94      0.96      0.95      1422

    accuracy                           0.92      2284
   macro avg       0.91      0.90      0.90      2284
weighted avg       0.92      0.92      0.92      2284

### Test set performance:
Validation loss per 100 evaluation steps: 0.050099506974220276
Validation loss per 100 evaluation steps: 0.38713612227175054
Validation Loss: 0.3696035804999628
Validation Accuracy: 0.9078212290502793
Overall accuracy: 0.9075306479859895
Overall loss: 0.3696035804999628
### Summary
              precision    recall  f1-score   support

       AFTER       0.90      0.85      0.87       260
      BEFORE       0.93      0.94      0.94      1782
     OVERLAP       0.86      0.85      0.86       813

    accuracy                           0.91      2855
   macro avg       0.90      0.88      0.89      2855
weighted avg       0.91      0.91      0.91      2855

### Without O
              precision    recall  f1-score   support

      BEFORE       0.93      0.94      0.94      1782
     OVERLAP       0.86      0.85      0.86       813
       AFTER       0.90      0.85      0.87       260

    accuracy                           0.91      2855
   macro avg       0.90      0.88      0.89      2855
weighted avg       0.91      0.91      0.91      2855

### Extra set performance:
Expected input batch_size (64) to match target batch_size (4096).
{'AFTER': 0, 'BEFORE': 1, 'OVERLAP': 2}
{0: 'AFTER', 1: 'BEFORE', 2: 'OVERLAP'}
{'BEFORE': 8953, 'OVERLAP': 4185, 'AFTER': 1137}
{'AFTER': 4.184989739079449, 'BEFORE': 0.5314792062251015, 'OVERLAP': 1.1369972122660295}
{'AFTER': 4.184989739079449, 'BEFORE': 0.5314792062251015, 'OVERLAP': 1.1369972122660295}
Training Epoch: 0
Training loss epoch: 0.94151756730113
Training accuracy epoch: 0.6061334498834499
Overall acc: 0.6060639229422067
Overall loss: 134.63701212406158
Validation loss per 100 evaluation steps: 0.7833396196365356
Validation loss per 100 evaluation steps: 0.7399540354709814
Validation Loss: 0.7427685973527548
Validation Accuracy: 0.6762820512820512
Overall accuracy: 0.6760070052539404
Overall loss: 0.7427685973527548
### Summary
              precision    recall  f1-score   support

       AFTER       0.00      0.00      0.00       178
      BEFORE       0.72      0.89      0.80      1422
     OVERLAP       0.52      0.40      0.45       684

    accuracy                           0.68      2284
   macro avg       0.41      0.43      0.42      2284
weighted avg       0.61      0.68      0.63      2284

### Without O
              precision    recall  f1-score   support

       AFTER       0.00      0.00      0.00       178
     OVERLAP       0.52      0.40      0.45       684
      BEFORE       0.72      0.89      0.80      1422

    accuracy                           0.68      2284
   macro avg       0.41      0.43      0.42      2284
weighted avg       0.61      0.68      0.63      2284

Training Epoch: 1
Training loss epoch: 0.7435474033122296
Training accuracy epoch: 0.690777972027972
Overall acc: 0.6906742556917689
Overall loss: 106.32727867364883
Validation loss per 100 evaluation steps: 0.9282585382461548
Validation loss per 100 evaluation steps: 0.7204536234978403
Validation Loss: 0.728366010047339
Validation Accuracy: 0.7125582750582751
Overall accuracy: 0.7123467600700525
Overall loss: 0.728366010047339
### Summary
              precision    recall  f1-score   support

       AFTER       0.00      0.00      0.00       178
      BEFORE       0.79      0.86      0.82      1422
     OVERLAP       0.55      0.59      0.57       684

    accuracy                           0.71      2284
   macro avg       0.45      0.48      0.46      2284
weighted avg       0.66      0.71      0.68      2284

### Without O
              precision    recall  f1-score   support

      BEFORE       0.79      0.86      0.82      1422
     OVERLAP       0.55      0.59      0.57       684
       AFTER       0.00      0.00      0.00       178

    accuracy                           0.71      2284
   macro avg       0.45      0.48      0.46      2284
weighted avg       0.66      0.71      0.68      2284

Training Epoch: 2
Training loss epoch: 0.7090627232214788
Training accuracy epoch: 0.7026150932400932
Overall acc: 0.7026050788091068
Overall loss: 101.39596942067146
Validation loss per 100 evaluation steps: 0.9182484745979309
Validation loss per 100 evaluation steps: 0.7569518284042283
Validation Loss: 0.7395358657711869
Validation Accuracy: 0.7094988344988344
Overall accuracy: 0.7092819614711033
Overall loss: 0.7395358657711869
### Summary
              precision    recall  f1-score   support

       AFTER       0.00      0.00      0.00       178
      BEFORE       0.74      0.93      0.82      1422
     OVERLAP       0.60      0.43      0.51       684

    accuracy                           0.71      2284
   macro avg       0.45      0.45      0.44      2284
weighted avg       0.64      0.71      0.66      2284

### Without O
              precision    recall  f1-score   support

      BEFORE       0.74      0.93      0.82      1422
     OVERLAP       0.60      0.43      0.51       684
       AFTER       0.00      0.00      0.00       178

    accuracy                           0.71      2284
   macro avg       0.45      0.45      0.44      2284
weighted avg       0.64      0.71      0.66      2284

Training Epoch: 3
Training loss epoch: 0.7238762309918036
Training accuracy epoch: 0.6922712703962705
Overall acc: 0.6924255691768827
Overall loss: 103.51430103182793
Validation loss per 100 evaluation steps: 0.5686094760894775
Validation loss per 100 evaluation steps: 0.7673843379067903
Validation Loss: 0.780533272069651
Validation Accuracy: 0.6800699300699301
Overall accuracy: 0.680385288966725
Overall loss: 0.780533272069651
### Summary
              precision    recall  f1-score   support

       AFTER       0.00      0.00      0.00       178
      BEFORE       0.70      0.94      0.80      1422
     OVERLAP       0.57      0.31      0.41       684

    accuracy                           0.68      2284
   macro avg       0.42      0.42      0.40      2284
weighted avg       0.61      0.68      0.62      2284

### Without O
              precision    recall  f1-score   support

      BEFORE       0.70      0.94      0.80      1422
     OVERLAP       0.57      0.31      0.41       684
       AFTER       0.00      0.00      0.00       178

    accuracy                           0.68      2284
   macro avg       0.42      0.42      0.40      2284
weighted avg       0.61      0.68      0.62      2284

Training Epoch: 4
Training loss epoch: 0.7288305396800274
Training accuracy epoch: 0.6964233682983684
Overall acc: 0.6963660245183888
Overall loss: 104.22276717424393
Validation loss per 100 evaluation steps: 0.7814170718193054
Validation loss per 100 evaluation steps: 0.8617742312426614
Validation Loss: 0.8736234701179958
Validation Accuracy: 0.6673951048951049
Overall accuracy: 0.6672504378283712
Overall loss: 0.8736234701179958
### Summary
              precision    recall  f1-score   support

       AFTER       0.00      0.00      0.00       178
      BEFORE       0.67      0.98      0.80      1422
     OVERLAP       0.64      0.20      0.30       684

    accuracy                           0.67      2284
   macro avg       0.44      0.39      0.36      2284
weighted avg       0.61      0.67      0.58      2284

### Without O
              precision    recall  f1-score   support

      BEFORE       0.67      0.98      0.80      1422
     OVERLAP       0.64      0.20      0.30       684
       AFTER       0.00      0.00      0.00       178

    accuracy                           0.67      2284
   macro avg       0.44      0.39      0.36      2284
weighted avg       0.61      0.67      0.58      2284

Training Epoch: 5
Training loss epoch: 0.7195746256754949
Training accuracy epoch: 0.6988636363636364
Overall acc: 0.6986646234676007
Overall loss: 102.89917147159576
Validation loss per 100 evaluation steps: 0.8184652924537659
Validation loss per 100 evaluation steps: 0.6368238666270039
Validation Loss: 0.6412874147608564
Validation Accuracy: 0.722027972027972
Overall accuracy: 0.7219789842381786
Overall loss: 0.6412874147608564
### Summary
              precision    recall  f1-score   support

       AFTER       0.64      0.05      0.09       178
      BEFORE       0.82      0.84      0.83      1422
     OVERLAP       0.55      0.65      0.60       684

    accuracy                           0.72      2284
   macro avg       0.67      0.51      0.51      2284
weighted avg       0.73      0.72      0.70      2284

### Without O
